000,00001000,C5,160,140.
407,00011000,C1,160,180.
419,00011000,C1,160,180.
432,00011000,C1,160,180.
444,00011000,C1,160,180.
456,00011000,C1,160,180.
468,00011000,C1,160,180.
481,00011000,C1,160,180.
493,00011000,C1,160,180.
505,00011000,C1,160,180.
518,00011000,C1,160,180.
530,00011000,C1,160,180.
542,00001000,C5,160,150.
555,00001000,C5,160,150.
567,00001000,C5,160,150.
579,00001000,C5,160,150.
591,00001000,C5,160,150.
604,00001000,C5,160,150.
616,00001000,C5,160,150.
628,00001000,C5,160,150.
643,00001000,C5,160,150.
655,00001000,C5,160,150.
667,00001000,C5,160,150.
679,00001000,C5,160,150.
692,00001000,C5,160,150.
704,00001000,C5,160,150.
716,00001000,C5,160,150.
729,00001000,C5,160,150.
741,00001000,C5,160,150.
760,00001000,C5,160,150.
773,00001000,C5,160,150.
785,00001000,C5,160,150.
797,00001000,C5,160,150.
809,00001000,C5,160,150.
823,00001000,C5,160,150.
835,00001000,C5,160,150.
847,00001000,C5,160,150.
860,00001000,C5,160,150.
872,00001000,C5,160,150.
884,00001000,C5,160,150.
900,00001000,C5,160,150.
912,00001000,C5,160,150.
924,00001000,C5,160,150.
936,00001000,C5,160,150.
949,00001000,C5,160,150.
961,00001000,C5,160,150.
973,00001000,C5,160,150.
986,00001000,C5,160,150.
998,00001000,C5,160,150.
1010,00001000,C5,160,150.
1022,00001000,C5,160,150.
1035,00001000,C5,160,150.
1047,00001000,C5,160,150.
1059,00001000,C5,160,150.
1072,00001000,C5,160,150.
1084,00001000,C5,160,150.
1096,00001000,C5,160,150.
1108,00001000,C5,160,150.
1121,00001000,C5,160,150.
1136,00001000,C5,160,150.
1157,00001000,C5,160,150.
1169,00001000,C5,160,150.
1181,00001000,C5,160,150.
1193,00001000,C5,160,150.
1206,00001000,C5,160,150.
1218,00001000,C5,160,150.
1230,00001000,C5,160,150.
1244,00001000,C5,160,150.
1256,00001000,C5,160,150.
1268,00001000,C5,160,150.
1281,00001000,C5,160,150.
1293,00001000,C5,160,150.
1305,00001000,C5,160,150.
1317,00001000,C5,160,150.
1330,00001000,C5,160,150.
1342,00001000,C5,160,150.
1354,00001000,C5,160,150.
1367,00001000,C5,160,150.
1382,00001000,C5,160,150.
1394,00001000,C5,160,150.
1406,00001000,C5,160,150.
1419,00001000,C5,160,150.
1431,00001000,C5,160,150.
1443,00001000,C5,160,150.
1457,00001000,C5,160,150.
1469,00001000,C5,160,150.
1481,00001000,C5,160,150.
1494,00001000,C5,160,150.
1506,00001000,C5,160,150.
1518,00001000,C5,160,150.
1530,00001000,C5,160,150.
1550,00001000,C5,160,150.
1563,00001000,C5,160,150.
1575,00001000,C5,160,150.
1588,00001000,C5,160,150.
1600,00001000,C5,160,150.
1612,00001000,C5,160,150.
1628,00001000,C5,160,150.
1640,00001000,C5,160,150.
1652,00001000,C5,160,150.
1665,00001000,C5,160,150.
1677,00001000,C5,160,150.
1689,00001000,C5,160,150.
1701,00001000,C5,160,150.
1714,00001000,C5,160,150.
1726,00001000,C5,160,150.
1738,00001000,C5,160,150.
1751,00001000,C5,160,150.
1763,00001000,C5,160,150.
1775,00001000,C5,160,150.
1788,00001000,C5,160,150.
1801,00001000,C5,160,150.
1813,00001000,C5,160,150.
1825,00001000,C5,160,150.
1838,00001000,C5,160,150.
1850,00001000,C5,160,150.
1865,00001000,C5,160,150.
1878,00001000,C5,160,150.
1890,00001000,C5,160,150.
1902,00001000,C5,160,150.
1914,00001000,C5,160,150.
1927,00001000,C5,160,150.
1947,00001000,C5,160,150.
1959,00001000,C5,160,150.
1972,00001000,C5,160,150.
1984,00001000,C5,160,150.
1996,00001000,C5,160,150.
2009,00001000,C5,160,150.
2021,00001000,C5,160,150.
2033,00001000,C5,160,150.
2045,00001000,C5,160,150.
2058,00001000,C5,160,150.
2070,00001000,C5,160,150.
2082,00001000,C5,160,150.
2095,00001000,C5,160,150.
2110,00001000,C5,160,150.
2122,00001000,C5,160,150.
2135,00001000,C5,160,150.
2147,00011000,R2,130,180,C1,160,180.
2200,00011000,C1,160,180.
2212,00011000,C1,160,180.
2225,00011000,C1,160,180.
2237,00011000,C1,160,180.
2250,00011000,C1,160,180.
2263,00011000,C1,160,180.
2275,00011000,C1,160,180.
2287,00011000,C1,160,180.
2299,00011000,C1,160,180.
2312,00011000,C1,160,180.
2324,00011000,C1,160,180.
2336,00011000,C1,160,180.
2349,00011000,C1,160,180.
2361,00011000,C1,160,180.
2373,00011000,C1,160,180.
2397,00011000,C1,160,180.
2409,00011000,C1,160,180.
2421,00011000,C1,160,180.
2434,00011000,C1,160,180.
2446,00011000,C1,160,180.
2458,00011000,C1,160,180.
2470,00011000,C1,160,180.
2483,00011000,C1,160,180.
2495,00011000,C1,160,180.
2507,00011000,C1,160,180.
2520,00011000,C1,160,180.
2532,00011000,C1,160,180.
2545,00011000,C1,160,180.
2557,00011000,C1,160,180.
2570,00011000,C1,160,180.
2582,00011000,C1,160,180.
2594,00011000,C1,160,180.
2607,00011000,C1,160,180.
2619,00011000,C1,160,180.
2634,00011000,C1,160,180.
2647,00011000,C1,160,180.
2659,00011000,C1,160,180.
2671,00011000,C1,160,180.
2683,00011000,C1,160,180.
2696,00011000,C1,160,180.
2708,00011000,C1,160,180.
2720,00011000,C1,160,180.
2733,00011000,C1,160,180.
2746,00011000,C1,160,180.
2758,00011000,C1,160,180.
2770,00011000,C1,160,180.
2790,00010000,C2,130,180.
2802,00010000,C2,130,180.
2814,00010000,C2,130,180.
2827,00010000,C2,130,180.
2839,00010000,C2,130,180.
2852,00010000,C2,130,180.
2865,00010000,C2,130,180.
2879,00010000,C2,130,180.
2891,00010000,C2,130,180.
2904,00010000,C2,130,180.
2917,00010000,C2,130,180.
2929,00010000,C2,130,180.
2941,00010000,C2,130,180.
2954,00010000,C2,130,180.
2966,00010000,C2,130,180.
2978,00010000,C2,130,180.
2991,00010000,C2,130,180.
3003,00010000,C2,130,180.
3015,00010000,C2,130,180.
3027,00010000,C2,130,180.
3040,00010000,C2,130,180.
3052,00010000,C2,130,180.
3064,00010000,C2,130,180.
3077,00010000,C2,130,180.
3089,00010000,C2,130,180.
3101,00010000,C2,130,180.
3111,00010000,C2,130,180.
3124,10010000.
3135,11110000------------- izquierda  tezquina 600 reg 400 ai 160
 mi 130 ad 180 md 150
,C8,-160,180.
4350,00011000,R1,160,150,C1,160,180.
4404,00011000,C1,160,180.
4424,00001100,C5,160,150.
4436,00001100,C5,160,150.
4449,00001100,C5,160,150.
4461,00001100,C5,160,150.
4473,00001100,C5,160,150.
4486,00001100,C5,160,150.
4498,00001100,C5,160,150.
4510,00001110------------- izquierda  tezquina 600 reg 400 ai 160
 mi 130 ad 180 md 150
,C8,-160,180.
5729,00011111------------- izquierda  tezquina 600 reg 400 ai 160
 mi 130 ad 180 md 150
,C8,-160,180.
6943,01111001------------- izquierda  tezquina 600 reg 400 ai 160
 mi 130 ad 180 md 150
,C8,-160,180.
8159,00001000,C5,160,150.
8171,00001000,C5,160,150.
8183,00001000,C5,160,150.
8196,00001000,C5,160,150.
8208,00001000,C5,160,150.
8220,00001000,C5,160,150.
8232,00001000,C5,160,150.
8245,00001000,C5,160,150.
8257,00011000,R2,130,180,C1,160,180.
8310,00011000,C1,160,180.
8326,00011000,C1,160,180.
8338,00011000,C1,160,180.
8350,00010000,C2,130,180.
8363,00010000,C2,130,180.
8375,00010000,C2,130,180.
8387,00010000,C2,130,180.
8399,00010000,C2,130,180.
8412,00010000,C2,130,180.
8424,00010000,C2,130,180.
8436,00010000,C2,130,180.
8450,00110000,C2,130,180.
8469,00110000,C2,130,180.
8481,00110000,C2,130,180.
8494,00110000,C2,130,180.
8506,00110000,C2,130,180.
8518,00100000,C2,130,180.
8530,00100000,C2,130,180.
8543,00100000,C2,130,180.
8555,00100000,C2,130,180.
8570,00100000,C2,130,180.
8583,00100000,C2,130,180.
8595,00100000,C2,130,180.
8607,00100000,C2,130,180.
8620,00100000,C2,130,180.
8632,00100000,C2,130,180.
8644,00100000,C2,130,180.
8656,01100000,C3,128,182.
8669,01100000,C3,128,182.
8681,01100000,C3,128,182.
8693,01100000,C3,128,182.
8706,01100000,C3,128,182.
8718,01100000,C3,128,182.
8730,01100000,C3,128,182.
8742,01100000,C3,128,182.
8755,01100000,C3,128,182.
8767,01100000,C3,128,182.
8780,01000000,C3,128,182.
8793,01000000,C3,128,182.
8807,01000000,C3,128,182.
8819,01000000,C3,128,182.
8832,01000000,C3,128,182.
8844,01000000,C3,128,182.
8864,01000000,C3,128,182.
8877,01000000,C3,128,182.
8889,11000000,C4,124,186.
8901,11000000,C4,124,186.
8913,11000000,C4,124,186.
8926,11000000,C4,124,186.
8938,11000000,C4,124,186.
8950,11000000,C4,124,186.
8963,11000000,C4,124,186.
8975,11000000,C4,124,186.
8987,11000000,C4,124,186.
8999,11000000,C4,124,186.
9012,11000000,C4,124,186.
9024,11000000,C4,124,186.
9036,10000000,C4,124,186.
9052,10000000,C4,124,186.
9064,10000000,C4,124,186.
9076,10000000,C4,124,186.
9089,10000000,C4,124,186.
9101,10000000,C4,124,186.
9113,10000000,C4,124,186.
9125,10000000,C4,124,186.
9138,10000000,C4,124,186.
9150,10000000,C4,124,186.
9162,10000000,C4,124,186.
9175,10000000,C4,124,186.
9187,10000000,C4,124,186.
9199,10000000,C4,124,186.
9211,10000000,C4,124,186.
9225,10000000,C4,124,186.
9237,10000000,C4,124,186.
9249,10000000,C4,124,186.
9269,10000000,C4,124,186.
9281,10000000,C4,124,186.
9296,10000000,C4,124,186.
9309,10000000,C4,124,186.
9321,10000000,C4,124,186.
9333,10000000,C4,124,186.
9346,10000000,C4,124,186.
9358,10000000,C4,124,186.
9370,10000000,C4,124,186.
9382,10000000,C4,124,186.
9395,00000000,C0,160,180.
9407,00000000,C0,160,180.
9419,00000000,C0,160,180.
9432,00000000,C0,160,180.
9444,00000000,C0,160,180.
9456,00000000,C0,160,180.
9468,00000000,C0,160,180.
9481,00000000,C0,160,180.
9493,00000000,C0,160,180.
9506,00000000,C0,160,180.
9519,00000000,C0,160,180.
9533,00000000,C0,160,180.
9545,00000000,C0,160,180.
9558,00000000,C0,160,180.
9570,00000000,C0,160,180.
9582,00000000,C0,160,180.
9594,00000000,C0,160,180.
9607,00000000,C0,160,180.
9620,00000000,C0,160,180.
9632,00000000,C0,160,180.
9645,00000000,C0,160,180.
9664,00000000,C0,160,180.
9676,00000000,C0,160,180.
9689,00000000,C0,160,180.
9701,00000000,C0,160,180.
9713,00000000,C0,160,180.
9725,00000000,C0,160,180.
9738,00000000,C0,160,180.
9750,00000000,C0,160,180.
9762,00000000,C0,160,180.
9778,00000000,C0,160,180.
9790,00000000,C0,160,180.
9802,00000000,C0,160,180.
9815,00000000,C0,160,180.
9827,00000000,C0,160,180.
9839,00000000,C0,160,180.
9851,00000000,C0,160,180.
9864,00000000,C0,160,180.
9876,00000000,C0,160,180.
9888,00000000,C0,160,180.
9901,00000000,C0,160,180.
9913,00000000,C0,160,180.
9925,00000000,C0,160,180.
9937,00000000,C0,160,180.
9950,00000000,C0,160,180.
9962,00000000,C0,160,180.
9974,00000000,C0,160,180.
9987,00000000,C0,160,180.
9999,00000000,C0,160,180.
10014,00000000,C0,160,180.
10027,00000000,C0,160,180.
10039,00000000,C0,160,180.
10059,00000000,C0,160,180.
10072,00000000,C0,160,180.
10084,00000000,C0,160,180.
10096,00000000,C0,160,180.
10108,00000000,C0,160,180.
10121,00000000,C0,160,180.
10133,00000000,C0,160,180.
10145,00000000,C0,160,180.
10158,00000000,C0,160,180.
10170,00000000,C0,160,180.
10183,00000000,C0,160,180.
10195,00000000,C0,160,180.
10208,00000000,C0,160,180.
10220,00000000,C0,160,180.
10232,00000000,C0,160,180.
10245,00000000,C0,160,180.
10255,00000000,C0,160,180.
10267,00000000,C0,160,180.
10279,00000000,C0,160,180.
10292,00000000,C0,160,180.
10304,00000000,C0,160,180.
10316,00000000,C0,160,180.
10329,00000000,C0,160,180.
10341,00000000,C0,160,180.
10353,00000000,C0,160,180.
10365,00000000,C0,160,180.
10378,00000000,C0,160,180.
10390,00000000,C0,160,180.
10402,00000000,C0,160,180.
10415,00000000,C0,160,180.
10427,00000000,C0,160,180.
10439,00000000,C0,160,180.
10460,00000000,C0,160,180.
10472,00000000,C0,160,180.
10487,00000000,C0,160,180.
10500,00000000,C0,160,180.
10512,00000000,C0,160,180.
10524,00000000,C0,160,180.
10536,00000000,C0,160,180.
10549,00000000,C0,160,180.
10561,00000000,C0,160,180.
10573,00000000,C0,160,180.
10586,00000000,C0,160,180.
10598,00000000,C0,160,180.
10611,00000000,C0,160,180.
10624,00000000,C0,160,180.
10636,00000000,C0,160,180.
10648,00000000,C0,160,180.
10660,00000000,C0,160,180.
10673,00000000,C0,160,180.
10685,00000000,C0,160,180.
10697,00000000,C0,160,180.
10713,00000000,C0,160,180.
10725,00000000,C0,160,180.
10737,00000000,C0,160,180.
10749,00000000,C0,160,180.
10762,00000000,C0,160,180.
10774,00000000,C0,160,180.
10786,00000000,C0,160,180.
10799,00000000,C0,160,180.
10811,00000000,C0,160,180.
10823,00000000,C0,160,180.
10835,00000000,C0,160,180.
10856,00000000,C0,160,180.
10868,00000000,C0,160,180.
10881,00000000,C0,160,180.
10893,00000000,C0,160,180.
10905,00000000,C0,160,180.
10917,00000000,C0,160,180.
10930,00000000,C0,160,180.
10945,00000000,C0,160,180.
10957,00000000,C0,160,180.
10970,00000000,C0,160,180.
10982,00000000,C0,160,180.
10994,00000000,C0,160,180.
11006,00000000,C0,160,180.
11019,00000000,C0,160,180.
11031,00000000,C0,160,180.
11043,00000000,C0,160,180.
11056,00000000,C0,160,180.
11068,00000000,C0,160,180.
11080,00000000,C0,160,180.
11092,00000000,C0,160,180.
11105,00000000,C0,160,180.
11117,00000000,C0,160,180.
11129,00000000,C0,160,180.
11142,00000000,C0,160,180.
11154,00000000,C0,160,180.
11166,00000000,C0,160,180.
11182,00000000,C0,160,180.
11194,00000000,C0,160,180.
11206,00000000,C0,160,180.
11218,00000000,C0,160,180.
11231,00000000,C0,160,180.
11251,00000000,C0,160,180.
11264,00000000,C0,160,180.
11276,00000000,C0,160,180.
11288,00000000,C0,160,180.
11300,00000000,C0,160,180.
11313,00000000,C0,160,180.
11325,00000000,C0,160,180.
11337,00000000,C0,160,180.
11351,00000000,C0,160,180.
11363,00000000,C0,160,180.
11375,00000000,C0,160,180.
11387,00000000,C0,160,180.
11400,00000000,C0,160,180.
11415,00000000,C0,160,180.
11427,00000000,C0,160,180.
11440,00000000,C0,160,180.
11452,00000000,C0,160,180.
11464,00000000,C0,160,180.
11476,00000000,C0,160,180.
11489,00000000,C0,160,180.
11501,00000000,C0,160,180.
11513,00000000,C0,160,180.
11526,00000000,C0,160,180.
11538,00000000,C0,160,180.
11550,00000000,C0,160,180.
11563,00000000,C0,160,180.
11575,00000000,C0,160,180.
11587,00000000,C0,160,180.
11599,00000000,C0,160,180.
11613,00000000,C0,160,180.
11625,00000000,C0,160,180.
11648,00000000,C0,160,180.
409,00001000,C5,160,150.
422,00001000,C5,160,150.
435,00001000,C5,160,150.
447,00001000,C5,160,150.
459,00001000,C5,160,150.
472,00001000,C5,160,150.
483,00001000,C5,160,150.
495,00001000,C5,160,150.
507,00001000,C5,160,150.
520,00001000,C5,160,150.
532,00001000,C5,160,150.
544,00001000,C5,160,150.
557,00001000,C5,160,150.
569,00001000,C5,160,150.
581,00001000,C5,160,150.
593,00001000,C5,160,150.
606,00001000,C5,160,150.
617,00001000,C5,160,150.
629,00001000,C5,160,150.
645,00001000,C5,160,150.
657,00001000,C5,160,150.
669,00001000,C5,160,150.
681,00001000,C5,160,150.
693,00001000,C5,160,150.
705,00001000,C5,160,150.
717,00001000,C5,160,150.
730,00001000,C5,160,150.
742,00001000,C5,160,150.
754,00001000,C5,160,150.
766,00001000,C5,160,150.
786,00001000,C5,160,150.
798,00001000,C5,160,150.
811,00001000,C5,160,150.
823,00001000,C5,160,150.
835,00001000,C5,160,150.
847,00001000,C5,160,150.
860,00001000,C5,160,150.
872,00001000,C5,160,150.
884,00001000,C5,160,150.
894,00001000,C5,160,150.
907,00001000,C5,160,150.
919,00001000,C5,160,150.
931,00001000,C5,160,150.
944,00001000,C5,160,150.
956,00001000,C5,160,150.
967,00001000,C5,160,150.
979,00001000,C5,160,150.
992,00001000,C5,160,150.
1004,00001000,C5,160,150.
1016,00001000,C5,160,150.
1029,00001000,C5,160,150.
1041,00001000,C5,160,150.
1053,00001000,C5,160,150.
1065,00001000,C5,160,150.
1078,00001000,C5,160,150.
1090,00001000,C5,160,150.
1102,00001000,C5,160,150.
1115,00001000,C5,160,150.
1130,00001000,C5,160,150.
1142,00001000,C5,160,150.
1155,00001000,C5,160,150.
1174,00001000,C5,160,150.
1186,00001000,C5,160,150.
1199,00001100,C5,160,150.
1211,00001100,C5,160,150.
1223,00001100,C5,160,150.
1235,00001100,C5,160,150.
1248,00001100,C5,160,150.
1260,00001100,C5,160,150.
1272,00001100,C5,160,150.
1285,00001100,C5,160,150.
1297,00001100,C5,160,150.
1309,00001100,C5,160,150.
1321,00001100,C5,160,150.
1334,00001100,C5,160,150.
1346,00001100,C5,160,150.
1358,00001100,C5,160,150.
1374,00001100,C5,160,150.
1386,00001100,C5,160,150.
1398,00001100,C5,160,150.
1411,00001100,C5,160,150.
1423,00001100,C5,160,150.
1435,00001100,C5,160,150.
1447,00001100,C5,160,150.
1460,00001100,C5,160,150.
1472,00001100,C5,160,150.
1484,00001100,C5,160,150.
1497,00001100,C5,160,150.
1509,00001100,C5,160,150.
1521,00001100,C5,160,150.
1532,00001100,C5,160,150.
1545,00001100,C5,160,150.
1557,00001100,C5,160,150.
1577,00001100,C5,160,150.
1590,00001100,C5,160,150.
1602,00001100,C5,160,150.
1617,00001100,C5,160,150.
1630,00001100,C5,160,150.
1642,00001100,C5,160,150.
1654,00001100,C5,160,150.
1667,00001100,C5,160,150.
1679,00001100,C5,160,150.
1691,00001100,C5,160,150.
1703,00001100,C5,160,150.
1716,00001100,C5,160,150.
1728,00001100,C5,160,150.
1740,00001100,C5,160,150.
1753,00001100,C5,160,150.
1766,00001100,C5,160,150.
1778,00001100,C5,160,150.
1790,00001100,C5,160,150.
1803,00001100,C5,160,150.
1815,00001100,C5,160,150.
1827,00001100,C5,160,150.
1840,00001100,C5,160,150.
1855,00001100,C5,160,150.
1867,00001100,C5,160,150.
1880,00001100,C5,160,150.
1892,00001100,C5,160,150.
1904,00001100,C5,160,150.
1916,00001100,C5,160,150.
1929,00001100,C5,160,150.
1941,00001100,C5,160,150.
1954,00001100,C5,160,150.
1974,00001100,C5,160,150.
1986,00001100,C5,160,150.
1998,00001100,C5,160,150.
2012,00001100,C5,160,150.
2024,00001100,C5,160,150.
2036,00001100,C5,160,150.
2049,00001100,C5,160,150.
2061,00001100,C5,160,150.
2073,00001100,C5,160,150.
2085,00001100,C5,160,150.
2101,00001100,C5,160,150.
2113,00001000,C5,160,150.
2125,00001000,C5,160,150.
2138,00001000,C5,160,150.
2150,00001000,C5,160,150.
2162,00001000,C5,160,150.
2176,00001000,C5,160,150.
2188,00001000,C5,160,150.
2200,00001000,C5,160,150.
2212,00001000,C5,160,150.
2225,00001000,C5,160,150.
2237,00001000,C5,160,150.
2249,00001000,C5,160,150.
2262,00001000,C5,160,150.
2274,00001000,C5,160,150.
2286,00001000,C5,160,150.
2299,00001000,C5,160,150.
2312,00001000,C5,160,150.
2324,00001000,C5,160,150.
2339,00001000,C5,160,150.
2352,00001000,C5,160,150.
2371,00001000,C5,160,150.
2383,00001000,C5,160,150.
2396,00001000,C5,160,150.
2409,00001000,C5,160,150.
2421,00001000,C5,160,150.
2434,00001000,C5,160,150.
2446,00001000,C5,160,150.
2458,00001000,C5,160,150.
2470,00001000,C5,160,150.
2483,00001000,C5,160,150.
2495,00001000,C5,160,150.
2507,00001000,C5,160,150.
2521,00001000,C5,160,150.
2533,00001000,C5,160,150.
2545,00001000,C5,160,150.
2557,00001000,C5,160,150.
2570,00001000,C5,160,150.
2585,00001000,C5,160,150.
2597,00001000,C5,160,150.
2610,00001000,C5,160,150.
2622,00001000,C5,160,150.
2634,00001000,C5,160,150.
2647,00001000,C5,160,150.
2659,00001000,C5,160,150.
2671,00001000,C5,160,150.
2684,00001000,C5,160,150.
2697,00001000,C5,160,150.
2709,00001000,C5,160,150.
2721,00001000,C5,160,150.
2734,00001000,C5,160,150.
2746,00001000,C5,160,150.
2766,00001000,C5,160,150.
2779,00001000,C5,160,150.
2791,00001000,C5,160,150.
2803,00001000,C5,160,150.
2816,00001000,C5,160,150.
2831,00001000,C5,160,150.
2843,00001000,C5,160,150.
2855,00001000,C5,160,150.
2868,00001000,C5,160,150.
2880,00001000,C5,160,150.
2892,00001000,C5,160,150.
2905,00001000,C5,160,150.
2917,00001000,C5,160,150.
2929,00001000,C5,160,150.
2941,00001000,C5,160,150.
2954,00001000,C5,160,150.
2966,00001000,C5,160,150.
2979,00001000,C5,160,150.
2992,00001000,C5,160,150.
3004,00001000,C5,160,150.
3016,00001000,C5,160,150.
3028,00001000,C5,160,150.
3041,00001000,C5,160,150.
3053,00001000,C5,160,150.
3068,00001000,C5,160,150.
3081,00001000,C5,160,150.
3093,10011000------------- izquierda  tezquina 600 reg 400 ai 160
 mi 130 ad 180 md 150
,C8,-160,180.
4308,00001100,C5,160,150.
4321,00001100,C5,160,150.
4333,00000100,C5,160,150.
4345,00000100,C5,160,150.
4365,00000100,C5,160,150.
4377,00000110,C6,162,148.
4390,00000110,C6,162,148.
4403,00000110,C6,162,148.
4415,00000110,C6,162,148.
4427,00000110,C6,162,148.
4440,00000110,C6,162,148.
4452,00000110,C6,162,148.
4464,00000111------------- izquierda  tezquina 600 reg 400 ai 160
 mi 130 ad 180 md 150
,C8,-160,180.
5682,00000011,C7,166,144.
5694,00000011,C7,166,144.
5707,00000011,C7,166,144.
5720,00000011,C7,166,144.
5732,00000011,C7,166,144.
5744,00000011,C7,166,144.
5756,00000010,C6,162,148.
5769,00000011,C7,166,144.
5781,00000010,C6,162,148.
5793,00000010,C6,162,148.
5806,00000010,C6,162,148.
5818,00000010,C6,162,148.
5830,00000010,C6,162,148.
5842,00000010,C6,162,148.
5855,00000010,C6,162,148.
5867,00000010,C6,162,148.
5882,00000010,C6,162,148.
5895,00000010,C6,162,148.
5907,00000010,C6,162,148.
5919,00000010,C6,162,148.
5932,00000010,C6,162,148.
5944,00000010,C6,162,148.
5964,00000110,C6,162,148.
5977,00000110,C6,162,148.
5989,00000110,C6,162,148.
6001,00000110,C6,162,148.
6013,00000110,C6,162,148.
6026,00000110,C6,162,148.
6038,00000110,C6,162,148.
6050,00000110,C6,162,148.
6063,00000110,C6,162,148.
6075,00000110,C6,162,148.
6088,00000110,C6,162,148.
6100,00000110,C6,162,148.
6113,00000110,C6,162,148.
6127,00000110,C6,162,148.
6139,00000110,C6,162,148.
6152,00000110,C6,162,148.
6165,00000100,C5,160,150.
6177,00000100,C5,160,150.
6190,00000100,C5,160,150.
6202,00000100,C5,160,150.
6214,00000100,C5,160,150.
6226,00000100,C5,160,150.
6239,00000100,C5,160,150.
6251,00000100,C5,160,150.
6263,00000100,C5,160,150.
6276,00000100,C5,160,150.
6288,00000100,C5,160,150.
6300,00000100,C5,160,150.
6312,00000100,C5,160,150.
6325,00000100,C5,160,150.
6337,00000100,C5,160,150.
6349,00000100,C5,160,150.
6373,00000100,C5,160,150.
6385,00000100,C5,160,150.
6397,00000100,C5,160,150.
6410,00000100,C5,160,150.
6422,00000100,C5,160,150.
6434,00000100,C5,160,150.
6447,00001100,C5,160,150.
6459,00001100,C5,160,150.
6471,00001100,C5,160,150.
6483,00001100,C5,160,150.
6496,00001100,C5,160,150.
6508,00001100,C5,160,150.
6521,00001100,C5,160,150.
6534,00001100,C5,160,150.
6546,00001100,C5,160,150.
6558,00001100,C5,160,150.
6571,00001100,C5,160,150.
6583,00001100,C5,160,150.
6595,00001100,C5,160,150.
6610,00001100,C5,160,150.
6623,00001000,C5,160,150.
6635,00001000,C5,160,150.
6647,00001000,C5,160,150.
6660,00001000,C5,160,150.
6672,00001000,C5,160,150.
6684,00001000,C5,160,150.
6696,00001000,C5,160,150.
6709,00001000,C5,160,150.
6721,00001000,C5,160,150.
6733,00001000,C5,160,150.
6746,00001000,C5,160,150.
6766,00001000,C5,160,150.
6778,00001000,C5,160,150.
6791,00001000,C5,160,150.
6803,00001000,C5,160,150.
6815,00001000,C5,160,150.
6828,00001000,C5,160,150.
6841,00001000,C5,160,150.
6855,00011000,R2,130,180,C1,160,180.
6908,00011000,C1,160,180.
6921,00011000,C1,160,180.
6934,00011000,C1,160,180.
6946,00011000,C1,160,180.
6959,00011000,C1,160,180.
6971,00011000,C1,160,180.
6983,00011000,C1,160,180.
6995,00010000,C2,130,180.
7008,00010000,C2,130,180.
7020,00010000,C2,130,180.
7032,00010000,C2,130,180.
7045,00010000,C2,130,180.
7057,00010000,C2,130,180.
7069,00010000,C2,130,180.
7081,00010000,C2,130,180.
7095,00010000,C2,130,180.
7107,00010000,C2,130,180.
7121,00010000,C2,130,180.
7134,00010000,C2,130,180.
7146,00010000,C2,130,180.
7159,00010000,C2,130,180.
7172,00010000,C2,130,180.
7184,00010000,C2,130,180.
7203,00010000,C2,130,180.
7216,00010000,C2,130,180.
7228,00010000,C2,130,180.
7240,00010000,C2,130,180.
7252,00010000,C2,130,180.
7265,00110000,C2,130,180.
7277,00110000,C2,130,180.
7289,00110000,C2,130,180.
7303,00110000,C2,130,180.
7315,00110000,C2,130,180.
7327,00110000,C2,130,180.
7340,00110000,C2,130,180.
7352,00110000,C2,130,180.
7366,00110000,C2,130,180.
7378,00110000,C2,130,180.
7392,00110000,C2,130,180.
7404,00110000,C2,130,180.
7416,00100000,C2,130,180.
7429,00100000,C2,130,180.
7441,00100000,C2,130,180.
7453,00100000,C2,130,180.
7465,00100000,C2,130,180.
7478,00100000,C2,130,180.
7490,00100000,C2,130,180.
7502,00100000,C2,130,180.
7515,00100000,C2,130,180.
7527,00100000,C2,130,180.
7539,00100000,C2,130,180.
7552,00100000,C2,130,180.
7564,00100000,C2,130,180.
7576,00100000,C2,130,180.
7596,00100000,C2,130,180.
7611,00100000,C2,130,180.
7624,00100000,C2,130,180.
7636,00100000,C2,130,180.
7649,00100000,C2,130,180.
7661,00100000,C2,130,180.
7673,00100000,C2,130,180.
7686,00100000,C2,130,180.
7698,00100000,C2,130,180.
7710,00100000,C2,130,180.
7723,00100000,C2,130,180.
7735,01100000,C3,128,182.
7747,01100000,C3,128,182.
7759,01100000,C3,128,182.
7772,01100000,C3,128,182.
7784,01100000,C3,128,182.
7797,01100000,C3,128,182.
7810,01100000,C3,128,182.
7822,01100000,C3,128,182.
7834,01100000,C3,128,182.
7848,01100000,C3,128,182.
7861,01100000,C3,128,182.
7874,01100000,C3,128,182.
7886,01100000,C3,128,182.
7899,01100000,C3,128,182.
7911,01100000,C3,128,182.
7923,01100000,C3,128,182.
7936,01000000,C3,128,182.
7948,01000000,C3,128,182.
7960,01000000,C3,128,182.
7972,01000000,C3,128,182.
7992,01000000,C3,128,182.
8004,01000000,C3,128,182.
8016,01000000,C3,128,182.
8029,01000000,C3,128,182.
8041,01000000,C3,128,182.
8053,01000000,C3,128,182.
8066,01000000,C3,128,182.
8078,01000000,C3,128,182.
8093,01000000,C3,128,182.
8105,01000000,C3,128,182.
8118,01000000,C3,128,182.
8130,01000000,C3,128,182.
8142,01000000,C3,128,182.
8155,01000000,C3,128,182.
8168,01000000,C3,128,182.
8180,01000000,C3,128,182.
8193,01000000,C3,128,182.
8205,11000000,C4,124,186.
8217,11000000,C4,124,186.
8229,11000000,C4,124,186.
8242,11000000,C4,124,186.
8254,11000000,C4,124,186.
8266,11000000,C4,124,186.
8279,11000000,C4,124,186.
8291,11000000,C4,124,186.
8303,11000000,C4,124,186.
8315,11000000,C4,124,186.
8331,11000000,C4,124,186.
8343,11000000,C4,124,186.
8355,11000000,C4,124,186.
8368,11000000,C4,124,186.
8387,11000000,C4,124,186.
8399,11000000,C4,124,186.
8412,11000000,C4,124,186.
8424,11000000,C4,124,186.
8436,11000000,C4,124,186.
8449,11000000,C4,124,186.
8461,11000000,C4,124,186.
8474,11000000,C4,124,186.
8486,11000000,C4,124,186.
8499,11000000,C4,124,186.
8511,11000000,C4,124,186.
8523,11000000,C4,124,186.
8536,11000000,C4,124,186.
8548,11000000,C4,124,186.
8560,11000000,C4,124,186.
8576,11000000,C4,124,186.
8588,11000000,C4,124,186.
8600,10000000,C4,124,186.
8612,10000000,C4,124,186.
8625,10000000,C4,124,186.
8637,10000000,C4,124,186.
8649,10000000,C4,124,186.
8662,10000000,C4,124,186.
8674,10000000,C4,124,186.
8686,10000000,C4,124,186.
8698,10000000,C4,124,186.
8711,10000000,C4,124,186.
8723,10000000,C4,124,186.
8735,10000000,C4,124,186.
8748,10000000,C4,124,186.
8760,10000000,C4,124,186.
8772,10000000,C4,124,186.
8793,10000000,C4,124,186.
8805,10000000,C4,124,186.
8820,10000000,C4,124,186.
8833,10000000,C4,124,186.
8845,10000000,C4,124,186.
8857,10000000,C4,124,186.
8869,10000000,C4,124,186.
8882,10000000,C4,124,186.
8894,10000000,C4,124,186.
8906,10000000,C4,124,186.
8919,10000000,C4,124,186.
8931,10000000,C4,124,186.
8943,10000000,C4,124,186.
8955,10000000,C4,124,186.
8968,10000000,C4,124,186.
8980,10000000,C4,124,186.
8992,10000000,C4,124,186.
9005,10000000,C4,124,186.
9017,10000000,C4,124,186.
9029,10000000,C4,124,186.
9041,10000000,C4,124,186.
9057,10000000,C4,124,186.
9069,10000000,C4,124,186.
9081,10000000,C4,124,186.
9094,10000000,C4,124,186.
9106,10000000,C4,124,186.
9118,10000000,C4,124,186.
9131,10000000,C4,124,186.
9143,10000000,C4,124,186.
9155,10000000,C4,124,186.
9167,10000000,C4,124,186.
9188,10000000,C4,124,186.
9200,10000000,C4,124,186.
9212,10000000,C4,124,186.
9225,10000000,C4,124,186.
9237,10000000,C4,124,186.
9249,10000000,C4,124,186.
9262,10000000,C4,124,186.
9274,10000000,C4,124,186.
9286,10000000,C4,124,186.
9302,10000000,C4,124,186.
9314,10000000,C4,124,186.
9326,10000000,C4,124,186.
9338,10000000,C4,124,186.
9351,10000000,C4,124,186.
9363,10000000,C4,124,186.
9375,10000000,C4,124,186.
9388,10000000,C4,124,186.
9400,10000000,C4,124,186.
9412,10000000,C4,124,186.
9424,10000000,C4,124,186.
9437,10000000,C4,124,186.
9449,10000000,C4,124,186.
9461,10000000,C4,124,186.
9474,10000000,C4,124,186.
9486,10000000,C4,124,186.
9498,10000000,C4,124,186.
9510,10000000,C4,124,186.
9523,10000000,C4,124,186.
9537,11000000,C4,124,186.
9549,11000000,C4,124,186.
9562,11000000,C4,124,186.
9582,11000000,C4,124,186.
9594,11000000,C4,124,186.
9607,11000000,C4,124,186.
9619,11000000,C4,124,186.
9631,11000000,C4,124,186.
9644,11000000,C4,124,186.
9656,11000000,C4,124,186.
9668,11000000,C4,124,186.
9680,11000000,C4,124,186.
9693,11000000,C4,124,186.
9705,11000000,C4,124,186.
9717,11000000,C4,124,186.
9730,11000000,C4,124,186.
9742,11000000,C4,124,186.
9754,11000000,C4,124,186.
9766,11000000,C4,124,186.
9782,11000000,C4,124,186.
9794,11000000,C4,124,186.
9806,11000000,C4,124,186.
9819,11000000,C4,124,186.
9831,11000000,C4,124,186.
9843,11000000,C4,124,186.
9856,11000000,C4,124,186.
9868,11000000,C4,124,186.
9880,11000000,C4,124,186.
9892,11000000,C4,124,186.
9905,11000000,C4,124,186.
9917,11000000,C4,124,186.
9929,11000000,C4,124,186.
9942,11000000,C4,124,186.
9954,11000000,C4,124,186.
9974,11000000,C4,124,186.
9987,11000000,C4,124,186.
9999,11000000,C4,124,186.
10011,11000000,C4,124,186.
10025,01000000,C3,128,182.
10038,01000000,C3,128,182.
10051,01000000,C3,128,182.
10063,01000000,C3,128,182.
10076,01000000,C3,128,182.
10088,01000000,C3,128,182.
10100,01000000,C3,128,182.
10113,01000000,C3,128,182.
10125,01000000,C3,128,182.
10137,01000000,C3,128,182.
10149,01000000,C3,128,182.
10162,01000000,C3,128,182.
10174,00000000,C0,160,180.
10186,00000000,C0,160,180.
10199,00000000,C0,160,180.
10211,00000000,C0,160,180.
10223,00000000,C0,160,180.
10235,00000000,C0,160,180.
10251,00000000,C0,160,180.
10263,00000000,C0,160,180.
10275,00000000,C0,160,180.
10288,00000000,C0,160,180.
10300,00000000,C0,160,180.
10312,00000000,C0,160,180.
10324,00000000,C0,160,180.
10337,00000000,C0,160,180.
10349,00000000,C0,160,180.
10369,00000000,C0,160,180.
10382,00000000,C0,160,180.
10394,00000000,C0,160,180.
10406,00000000,C0,160,180.
10419,00000000,C0,160,180.
10431,00000000,C0,160,180.
10443,00000000,C0,160,180.
10456,00000000,C0,160,180.
10468,00000000,C0,160,180.
10483,00000000,C0,160,180.
10496,00000000,C0,160,180.
10508,00000000,C0,160,180.
10520,00000000,C0,160,180.
10532,00000000,C0,160,180.
10545,00000000,C0,160,180.
10557,00000000,C0,160,180.
10570,00000000,C0,160,180.
10583,00100000,C2,130,180.
10595,00100000,C2,130,180.
10607,00100000,C2,130,180.
10619,00100000,C2,130,180.
10632,00100000,C2,130,180.
10644,00100000,C2,130,180.
10656,00100000,C2,130,180.
10669,00100000,C2,130,180.
10681,00100000,C2,130,180.
10693,00100000,C2,130,180.
10705,00100000,C2,130,180.
10716,00100000,C2,130,180.
10728,00100000,C2,130,180.
10740,00100000,C2,130,180.
10753,00100000,C2,130,180.
10773,00110000,C2,130,180.
10785,00110000,C2,130,180.
10798,00110000,C2,130,180.
10810,00110000,C2,130,180.
10822,00110000,C2,130,180.
10834,00110000,C2,130,180.
10847,00110000,C2,130,180.
10859,00110000,C2,130,180.
10871,00110000,C2,130,180.
10884,00110000,C2,130,180.
10896,00110000,C2,130,180.
10908,00110000,C2,130,180.
10920,00110000,C2,130,180.
10933,00110000,C2,130,180.
10948,00110000,C2,130,180.
10960,00000000,C0,160,180.
10973,00000000,C0,160,180.
10985,00000000,C0,160,180.
10998,00000000,C0,160,180.
11011,00000000,C0,160,180.
11023,00000000,C0,160,180.
11035,00000000,C0,160,180.
11047,00000000,C0,160,180.
11060,00000000,C0,160,180.
11072,00000000,C0,160,180.
11084,00000000,C0,160,180.
11097,00000000,C0,160,180.
11109,00000000,C0,160,180.
11121,00000000,C0,160,180.
11133,00000000,C0,160,180.
11146,00000000,C0,160,180.
11165,00000000,C0,160,180.
11181,00000000,C0,160,180.
11193,00000000,C0,160,180.
11206,00000000,C0,160,180.
11218,00000000,C0,160,180.
11231,00000000,C0,160,180.
11243,00000000,C0,160,180.
11255,00000000,C0,160,180.
11268,00000000,C0,160,180.
11280,00000000,C0,160,180.
11292,00000000,C0,160,180.
11304,00000000,C0,160,180.
11317,00000000,C0,160,180.
11329,00000000,C0,160,180.
11341,00000000,C0,160,180.
11354,00000000,C0,160,180.
11366,00000000,C0,160,180.
11378,00000000,C0,160,180.
11390,00000000,C0,160,180.
11406,00000000,C0,160,180.
11418,00000000,C0,160,180.
11430,00000000,C0,160,180.
11443,00000000,C0,160,180.
11455,00000000,C0,160,180.
11467,00000000,C0,160,180.
11480,00000000,C0,160,180.
11492,00000000,C0,160,180.
11504,00001000,C5,160,150.
11516,00001100,C5,160,150.
11530,00001100,C5,160,150.
11542,00001100,C5,160,150.
11561,00001100,C5,160,150.
11574,00001100,C5,160,150.
11586,00001100,C5,160,150.
11598,00001100,C5,160,150.
11611,00001100,C5,160,150.
11623,00001100,C5,160,150.
11635,00001100,C5,160,150.
11661,00001100,C5,160,150.
11675,00000100,C5,160,150.
11689,00000100,C5,160,150.
11705,00000100,C5,160,150.
11719,00000100,C5,160,150.
11734,00000100,C5,160,150.
11748,00000100,C5,160,150.
11763,00000100,C5,160,150.
11778,00000100,C5,160,150.
11792,00000100,C5,160,150.
11807,00000100,C5,160,150.
11822,00000100,C5,160,150.
11836,00000100,C5,160,150.
11850,00000100,C5,160,150.
11866,00000100,C5,160,150.
11880,00000100,C5,160,150.
11894,00000100,C5,160,150.
11909,00000110,C6,162,148.
11926,00000110,C6,162,148.
11941,00000110,C6,162,148.
11956,00000110,C6,162,148.
11970,00000110,C6,162,148.
11985,00000110,C6,162,148.
12007,00000110,C6,162,148.
12022,00000110,C6,162,148.
12037,00000110,C6,162,148.
12051,00000110,C6,162,148.
12065,00000010,C6,162,148.
12081,00000010,C6,162,148.
12095,00000010,C6,162,148.
12109,00000010,C6,162,148.
12124,00000011,C7,166,144.
12139,00000011,C7,166,144.
12153,00000011,C7,166,144.
12168,00000010,C6,162,148.
12182,00000011,C7,166,144.
12199,00000011,C7,166,144.
12215,00000011,C7,166,144.
12229,00000011,C7,166,144.
12243,00000011,C7,166,144.
12259,00000011,C7,166,144.
12273,00000011,C7,166,144.
12288,00000011,C7,166,144.
12302,00000011,C7,166,144.
12317,00000011,C7,166,144.
12332,00000011,C7,166,144.
12346,00000011,C7,166,144.
12360,00000011,C7,166,144.
12376,00000011,C7,166,144.
12390,00000011,C7,166,144.
12404,00000011,C7,166,144.
12419,00000011,C7,166,144.
12434,00000011,C7,166,144.
12448,00000011,C7,166,144.
12463,00000011,C7,166,144.
12483,00000011,C7,166,144.
12497,00000011,C7,166,144.
12512,00000011,C7,166,144.
12527,00000001,C7,166,144.
12541,00000001,C7,166,144.
12556,00000001,C7,166,144.
12570,00000001,C7,166,144.
12585,00000001,C7,166,144.
12600,00000001,C7,166,144.
12614,00000001,C7,166,144.
12630,00000001,C7,166,144.
12644,00000001,C7,166,144.
12658,00000001,C7,166,144.
12673,00000001,C7,166,144.
12688,00000001,C7,166,144.
12702,00000001,C7,166,144.
12717,00000001,C7,166,144.
12731,00000001,C7,166,144.
12748,00000001,C7,166,144.
12764,00000001,C7,166,144.
12778,00000001,C7,166,144.
12792,00000001,C7,166,144.
12807,00000001,C7,166,144.
12822,00000001,C7,166,144.
12836,00000001,C7,166,144.
12851,00000001,C7,166,144.
12865,00000001,C7,166,144.
12880,00000001,C7,166,144.
12895,00000001,C7,166,144.
12909,00000001,C7,166,144.
12923,00000001,C7,166,144.
12957,00000000,C0,160,180.
12972,00000000,C0,160,180.
12987,00000000,C0,160,180.
13001,00000000,C0,160,180.
13016,00000000,C0,160,180.
13033,00000000,C0,160,180.
13047,00000000,C0,160,180.
13063,00000000,C0,160,180.
13077,00000000,C0,160,180.
13091,00000000,C0,160,180.
13106,00000000,C0,160,180.
13121,00000000,C0,160,180.
13135,00000000,C0,160,180.
13150,00000000,C0,160,180.
13165,00000000,C0,160,180.
13179,00000000,C0,160,180.
13194,00000000,C0,160,180.
13208,00000000,C0,160,180.
13223,00000000,C0,160,180.
13238,00000000,C0,160,180.
13252,00000000,C0,160,180.
13266,00000000,C0,160,180.
13282,00000000,C0,160,180.
13299,00000000,C0,160,180.
13314,00000000,C0,160,180.
13328,00000000,C0,160,180.
13342,00000000,C0,160,180.
13358,00000000,C0,160,180.
13372,00000000,C0,160,180.
13386,00000000,C0,160,180.
13401,00000000,C0,160,180.
13423,00000000,C0,160,180.
13437,00000000,C0,160,180.
13453,00000000,C0,160,180.
13467,00000000,C0,160,180.
13481,00000000,C0,160,180.
13496,00000000,C0,160,180.
13511,00000000,C0,160,180.
13526,00000000,C0,160,180.
13540,00000000,C0,160,180.
13554,00000000,C0,160,180.
13570,00000000,C0,160,180.
13587,00000000,C0,160,180.
13601,00000000,C0,160,180.
13616,00000000,C0,160,180.
13630,00000000,C0,160,180.
13645,00000000,C0,160,180.
13660,00000000,C0,160,180.
13674,00000000,C0,160,180.
13688,00000000,C0,160,180.
13704,00000000,C0,160,180.
13718,00000000,C0,160,180.
13732,00000000,C0,160,180.
13747,00000000,C0,160,180.
13762,00000000,C0,160,180.
13776,00000000,C0,160,180.
13791,00000000,C0,160,180.
13805,00000000,C0,160,180.
13820,00000000,C0,160,180.
13835,00000000,C0,160,180.
13852,00000000,C0,160,180.
13867,00000000,C0,160,180.
13889,00000000,C0,160,180.
13903,00000000,C0,160,180.
13918,00000000,C0,160,180.
13933,00000000,C0,160,180.
13947,00000000,C0,160,180.
13962,00000000,C0,160,180.
13977,00000000,C0,160,180.
13991,00000000,C0,160,180.
14006,00000000,C0,160,180.
14020,00000000,C0,160,180.
14035,00000000,C0,160,180.
14050,00000000,C0,160,180.
14064,00000000,C0,160,180.
14078,00000000,C0,160,180.
14094,00000000,C0,160,180.
14108,00000000,C0,160,180.
14126,00000000,C0,160,180.
14140,00000000,C0,160,180.
14155,00000000,C0,160,180.
14170,00000000,C0,160,180.
14184,00000000,C0,160,180.
14198,00000000,C0,160,180.
14214,00000000,C0,160,180.
14228,00000000,C0,160,180.
14242,00000000,C0,160,180.
14257,00000000,C0,160,180.
14272,00000000,C0,160,180.
14286,00000000,C0,160,180.
14301,00000000,C0,160,180.
14315,00000000,C0,160,180.
14330,00000000,C0,160,180.
14345,00000000,C0,160,180.
14366,00000000,C0,160,180.
14382,00000000,C0,160,180.
14396,00000000,C0,160,180.
14408,00000000,C0,160,180.
14424,00000000,C0,160,180.
14438,00000000,C0,160,180.
14452,00000000,C0,160,180.
14467,00000000,C0,160,180.
14482,00000000,C0,160,180.
14496,00000000,C0,160,180.
14511,00000000,C0,160,180.
14525,00000000,C0,160,180.
14540,00000000,C0,160,180.
14555,00000000,C0,160,180.
14569,00000000,C0,160,180.
14583,00000000,C0,160,180.
14599,00000000,C0,160,180.
14613,00000000,C0,160,180.
14627,00000000,C0,160,180.
14642,00000000,C0,160,180.
14657,00000000,C0,160,180.
14674,00000000,C0,160,180.
14689,00000000,C0,160,180.
14703,00000000,C0,160,180.
14717,00000000,C0,160,180.
14733,00000000,C0,160,180.
14747,00000000,C0,160,180.
14761,00000000,C0,160,180.
14776,00000000,C0,160,180.
14791,00000000,C0,160,180.
14806,00000000,C0,160,180.
14828,00000000,C0,160,180.
14842,00000000,C0,160,180.
14857,00000000,C0,160,180.
14871,00000000,C0,160,180.
14886,00000000,C0,160,180.
14901,00000000,C0,160,180.
14915,00000000,C0,160,180.
14929,00000000,C0,160,180.
14947,00000000,C0,160,180.
14962,00000000,C0,160,180.
14977,00000000,C0,160,180.
14991,00000000,C0,160,180.
15005,00000000,C0,160,180.
15021,00000000,C0,160,180.
15035,00000000,C0,160,180.
15049,00000000,C0,160,180.
15064,00000000,C0,160,180.
15079,00000000,C0,160,180.
15093,00000000,C0,160,180.
15108,00000000,C0,160,180.
15122,00000000,C0,160,180.
15136,00000000,C0,160,180.
15152,00000000,C0,160,180.
15166,00000000,C0,160,180.
15180,00000000,C0,160,180.
15195,00000000,C0,160,180.
15212,00000000,C0,160,180.
15227,00000000,C0,160,180.
15242,00000000,C0,160,180.
15256,00000000,C0,160,180.
15270,00000000,C0,160,180.
15293,00000000,C0,160,180.
15307,00000000,C0,160,180.
15322,00000000,C0,160,180.
15337,00000000,C0,160,180.
15351,00000000,C0,160,180.
15366,00000000,C0,160,180.
15380,00000000,C0,160,180.
15395,00000000,C0,160,180.
15410,00000000,C0,160,180.
15424,00000000,C0,160,180.
15438,00000000,C0,160,180.
15453,00000000,C0,160,180.
15468,00000000,C0,160,180.
15482,00000000,C0,160,180.
15500,00000000,C0,160,180.
15514,00000000,C0,160,180.
15528,00000000,C0,160,180.
15544,00000000,C0,160,180.
15558,00000000,C0,160,180.
15572,00000000,C0,160,180.
15587,00000000,C0,160,180.
15601,00000000,C0,160,180.
15617,00000000,C0,160,180.
15631,00000000,C0,160,180.
15645,00000000,C0,160,180.
15660,00000000,C0,160,180.
15675,00000000,C0,160,180.
15689,00000000,C0,160,180.
15704,00000000,C0,160,180.
15718,00000000,C0,160,180.
15732,00000000,C0,160,180.
15748,00000000,C0,160,180.
15772,00000001,C7,166,144.
15787,00000001,C7,166,144.
15802,00000001,C7,166,144.
15816,00000001,C7,166,144.
15831,00000011,C7,166,144.
15845,00000011,C7,166,144.
15860,00000011,C7,166,144.
15875,00000111------------- izquierda  tezquina 600 reg 400 ai 160
 mi 130 ad 180 md 150
,C8,-160,180.
17092,00000001,C7,166,144.
17106,00000001,C7,166,144.
17121,00000001,C7,166,144.
17136,00000001,C7,166,144.
17150,00000001,C7,166,144.
17165,00000001,C7,166,144.
17179,00000001,C7,166,144.
17197,00000001,C7,166,144.
17212,00000001,C7,166,144.
17226,00000001,C7,166,144.
17241,00000001,C7,166,144.
17255,00000001,C7,166,144.
17269,00000011,C7,166,144.
17285,00000011,C7,166,144.
17299,00000011,C7,166,144.
17313,00000011,C7,166,144.
17328,00000011,C7,166,144.
17342,00000011,C7,166,144.
17357,00000011,C7,166,144.
17372,00000011,C7,166,144.
17386,00000011,C7,166,144.
17400,00000011,C7,166,144.
17416,00000011,C7,166,144.
17437,00000010,C6,162,148.
17453,00000010,C6,162,148.
17467,00000010,C6,162,148.
17484,00000010,C6,162,148.
17499,00000110,C6,162,148.
17513,00000110,C6,162,148.
17528,00000110,C6,162,148.
17543,00000110,C6,162,148.
17557,00000110,C6,162,148.
17571,00000110,C6,162,148.
17586,00000110,C6,162,148.
17601,00000100,C5,160,150.
17615,00000100,C5,160,150.
17630,00000100,C5,160,150.
17644,00000100,C5,160,150.
17659,00001100,C5,160,150.
17674,00001100,C5,160,150.
17688,00001100,C5,160,150.
17702,00001100,C5,160,150.
17718,00001100,C5,160,150.
17732,00001100,C5,160,150.
17750,00001000,C5,160,150.
17764,00001000,C5,160,150.
17778,00001000,C5,160,150.
17793,00001000,C5,160,150.
17808,00011000,R2,130,180,C1,160,180.
17863,00011000,C1,160,180.
17878,00011000,C1,160,180.
17892,00010000,C2,130,180.
17906,00010000,C2,130,180.
17922,00010000,C2,130,180.
17943,00010000,C2,130,180.
17958,00010000,C2,130,180.
17973,00110000,C2,130,180.
17987,00110000,C2,130,180.
18001,00110000,C2,130,180.
18016,00110000,C2,130,180.
18031,00110000,C2,130,180.
18045,00100000,C2,130,180.
18063,00100000,C2,130,180.
18077,00100000,C2,130,180.
18092,00100000,C2,130,180.
18107,00100000,C2,130,180.
18121,00100000,C2,130,180.
18136,01100000,C3,128,182.
18150,01100000,C3,128,182.
18164,01100000,C3,128,182.
18180,01100000,C3,128,182.
18194,01100000,C3,128,182.
18208,01100000,C3,128,182.
18223,01000000,C3,128,182.
18237,01000000,C3,128,182.
18252,01000000,C3,128,182.
18267,11000000,C4,124,186.
18281,11000000,C4,124,186.
18295,11000000,C4,124,186.
18311,11000000,C4,124,186.
18328,11000000,C4,124,186.
18342,11000000,C4,124,186.
18357,11000000,C4,124,186.
18371,11000000,C4,124,186.
18385,10000000,C4,124,186.
18408,10000000,C4,124,186.
18422,10000000,C4,124,186.
18438,10000000,C4,124,186.
18452,10000000,C4,124,186.
18466,10000000,C4,124,186.
18481,10000000,C4,124,186.
18496,10000000,C4,124,186.
18510,10000000,C4,124,186.
18525,10000000,C4,124,186.
18540,10000000,C4,124,186.
18554,10000000,C4,124,186.
18569,00000000,C0,160,180.
18583,00000000,C0,160,180.
18600,00000000,C0,160,180.
18616,00000000,C0,160,180.
18630,00000000,C0,160,180.
18644,00000000,C0,160,180.
18660,00000000,C0,160,180.
18674,00000000,C0,160,180.
18689,00000000,C0,160,180.
18703,00000000,C0,160,180.
18718,00000000,C0,160,180.
18733,00000000,C0,160,180.
18747,00000000,C0,160,180.
18762,00000000,C0,160,180.
18777,00000000,C0,160,180.
18791,00000000,C0,160,180.
18805,00000000,C0,160,180.
18821,00000000,C0,160,180.
18835,00000000,C0,160,180.
18849,00000000,C0,160,180.
18872,00000000,C0,160,180.
18889,00000000,C0,160,180.
18904,00000000,C0,160,180.
18918,00000000,C0,160,180.
18933,00000000,C0,160,180.
18948,00000000,C0,160,180.
18962,00000000,C0,160,180.
18976,00000000,C0,160,180.
18991,00000000,C0,160,180.
19005,00000000,C0,160,180.
19020,00000000,C0,160,180.
19035,00000000,C0,160,180.
19049,00000000,C0,160,180.
19063,00000000,C0,160,180.
19078,00000000,C0,160,180.
19093,00000000,C0,160,180.
19107,00000000,C0,160,180.
19122,00000000,C0,160,180.
19136,00000000,C0,160,180.
19153,00000000,C0,160,180.
19168,00000000,C0,160,180.
19182,00000000,C0,160,180.
19197,00000000,C0,160,180.
19212,00000000,C0,160,180.
19226,00000000,C0,160,180.
19240,00000000,C0,160,180.
19255,00000000,C0,160,180.
19270,00000000,C0,160,180.
19284,00000000,C0,160,180.
19299,00000000,C0,160,180.
19313,00000000,C0,160,180.
19336,00000000,C0,160,180.
19350,00000000,C0,160,180.
19364,00000000,C0,160,180.
19380,00000000,C0,160,180.
19394,00000000,C0,160,180.
19408,00000000,C0,160,180.
19426,00000000,C0,160,180.
19440,00000000,C0,160,180.
19454,00000000,C0,160,180.
19470,00000000,C0,160,180.
19484,00000000,C0,160,180.
19499,00000000,C0,160,180.
19513,00000000,C0,160,180.
19527,00000000,C0,160,180.
19543,00000000,C0,160,180.
19557,00000000,C0,160,180.
19571,00000000,C0,160,180.
19586,00000000,C0,160,180.
19600,00000000,C0,160,180.
19615,00000000,C0,160,180.
19630,00000000,C0,160,180.
19644,00000000,C0,160,180.
19658,00000000,C0,160,180.
19673,00000000,C0,160,180.
19688,00000000,C0,160,180.
19705,00000000,C0,160,180.
19720,00000000,C0,160,180.
19734,00000000,C0,160,180.
19748,00000000,C0,160,180.
19763,00000000,C0,160,180.
19777,00000000,C0,160,180.
19800,00000000,C0,160,180.
19814,00000000,C0,160,180.
19829,00000000,C0,160,180.
19844,00000000,C0,160,180.
19858,00000000,C0,160,180.
19872,00000000,C0,160,180.
19887,00000000,C0,160,180.
19901,00000000,C0,160,180.
19916,00000000,C0,160,180.
19931,00000000,C0,160,180.
19945,00000000,C0,160,180.
19959,00000000,C0,160,180.
19977,00000000,C0,160,180.
19991,00000000,C0,160,180.
20005,00000000,C0,160,180.
20021,00000000,C0,160,180.
20035,00000000,C0,160,180.
20049,00000000,C0,160,180.
20064,00000000,C0,160,180.
20078,00000000,C0,160,180.
20092,00000000,C0,160,180.
20108,00000000,C0,160,180.
20122,00000000,C0,160,180.
20136,00000000,C0,160,180.
20151,00000000,C0,160,180.
20165,00000000,C0,160,180.
20180,00000000,C0,160,180.
20195,00000000,C0,160,180.
20209,00000000,C0,160,180.
20224,00000000,C0,160,180.
20241,00000000,C0,160,180.
20263,00000000,C0,160,180.
20278,00000000,C0,160,180.
20292,00000000,C0,160,180.
20306,00000000,C0,160,180.
20321,00000000,C0,160,180.
20336,00000000,C0,160,180.
20350,00000000,C0,160,180.
20365,00000000,C0,160,180.
20379,00000000,C0,160,180.
20393,00000000,C0,160,180.
20408,00000000,C0,160,180.
20423,00000000,C0,160,180.
20438,00000000,C0,160,180.
20452,00000000,C0,160,180.
20466,00000000,C0,160,180.
20481,00000000,C0,160,180.
20496,00000000,C0,160,180.
20512,00000000,C0,160,180.
20528,00000000,C0,160,180.
20542,00000000,C0,160,180.
20556,00000000,C0,160,180.
20571,00000000,C0,160,180.
20585,00000000,C0,160,180.
20599,00000000,C0,160,180.
20615,00000000,C0,160,180.
20629,00000000,C0,160,180.
20643,00000000,C0,160,180.
20658,00000000,C0,160,180.
20672,00000000,C0,160,180.
20686,00000000,C0,160,180.
20702,00000000,C0,160,180.
20716,00000000,C0,160,180.
20738,00000000,C0,160,180.
20753,00000000,C0,160,180.
20767,00000000,C0,160,180.
20782,00000000,C0,160,180.
20799,00000000,C0,160,180.
20813,00000000,C0,160,180.
20828,00000000,C0,160,180.
20842,00000000,C0,160,180.
20857,00000000,C0,160,180.
20872,00000000,C0,160,180.
20886,00000000,C0,160,180.
20900,00000000,C0,160,180.
20915,00000000,C0,160,180.
20929,00000000,C0,160,180.
20944,00000000,C0,160,180.
20959,00000000,C0,160,180.
20973,00000000,C0,160,180.
20987,00000000,C0,160,180.
21002,00000000,C0,160,180.
21016,00000000,C0,160,180.
21030,00000000,C0,160,180.
21046,00000000,C0,160,180.
21063,00000000,C0,160,180.
21078,00000000,C0,160,180.
21092,00000000,C0,160,180.
21106,00000000,C0,160,180.
21121,00000000,C0,160,180.
21135,00000000,C0,160,180.
21150,00000000,C0,160,180.
21165,00000000,C0,160,180.
21179,00000000,C0,160,180.
21200,00000000,C0,160,180.
21216,00000000,C0,160,180.
21230,00000000,C0,160,180.
21244,00000000,C0,160,180.
21259,00000000,C0,160,180.
21273,00000000,C0,160,180.
21288,00000000,C0,160,180.
21303,00000000,C0,160,180.
21317,00000000,C0,160,180.
21335,00000000,C0,160,180.
21349,00000000,C0,160,180.
21363,00000000,C0,160,180.
21378,00000000,C0,160,180.
21393,00000000,C0,160,180.
21407,00000000,C0,160,180.
21422,00000000,C0,160,180.
21436,00000000,C0,160,180.
21450,00000000,C0,160,180.
21465,00000000,C0,160,180.
21480,00000000,C0,160,180.
21494,00000000,C0,160,180.
21509,00000000,C0,160,180.
21523,00000000,C0,160,180.
21537,00000000,C0,160,180.
21552,00000000,C0,160,180.
21567,00000000,C0,160,180.
21581,00000000,C0,160,180.
21596,00000000,C0,160,180.
21613,00000000,C0,160,180.
21627,00000000,C0,160,180.
21642,00000000,C0,160,180.
21664,00000000,C0,160,180.
21679,00000000,C0,160,180.
21694,00000000,C0,160,180.
21708,00000000,C0,160,180.
21723,00000000,C0,160,180.
21738,00000000,C0,160,180.
21752,00000000,C0,160,180.
21767,00000000,C0,160,180.
21782,00000000,C0,160,180.
21796,00000000,C0,160,180.
21811,00000000,C0,160,180.
21826,00000000,C0,160,180.
21840,00000000,C0,160,180.
21855,00000000,C0,160,180.
21870,00000000,C0,160,180.
21888,00000000,C0,160,180.
21902,00000000,C0,160,180.
21916,00000000,C0,160,180.
21932,00000000,C0,160,180.
21946,00000000,C0,160,180.
21960,00000000,C0,160,180.
21975,00000000,C0,160,180.
21990,00000000,C0,160,180.
22004,00000000,C0,160,180.
22019,00000000,C0,160,180.
22034,00000000,C0,160,180.
22048,00000000,C0,160,180.
22063,00000000,C0,160,180.
22078,00000000,C0,160,180.
22092,00000000,C0,160,180.
22107,00000000,C0,160,180.
22129,00000000,C0,160,180.
22144,00000000,C0,160,180.
22161,00000000,C0,160,180.
22176,00000000,C0,160,180.
22191,00000000,C0,160,180.
22205,00000000,C0,160,180.
22219,00000000,C0,160,180.
22235,00000000,C0,160,180.
22249,00000000,C0,160,180.
22263,00000000,C0,160,180.
22279,00000000,C0,160,180.
22293,00000000,C0,160,180.
22307,00000000,C0,160,180.
22323,00000000,C0,160,180.
22337,00000000,C0,160,180.
22351,00000000,C0,160,180.
22366,00000000,C0,160,180.
22381,00000000,C0,160,180.
22395,00000000,C0,160,180.
22410,00000000,C0,160,180.
22427,00000000,C0,160,180.
22443,00000000,C0,160,180.
22457,00000000,C0,160,180.
22471,00000000,C0,160,180.
22486,00000000,C0,160,180.
22501,00000000,C0,160,180.
22515,00000000,C0,160,180.
22530,00000000,C0,160,180.
22545,00000000,C0,160,180.
22559,00000000,C0,160,180.
22574,00000000,C0,160,180.
22596,00000000,C0,160,180.
22610,00000000,C0,160,180.
22625,00000000,C0,160,180.
22640,00000000,C0,160,180.
22654,00000000,C0,160,180.
22669,00000000,C0,160,180.
22683,00000000,C0,160,180.
22699,00000000,C0,160,180.
22716,00000000,C0,160,180.
22730,00000000,C0,160,180.
22745,00000000,C0,160,180.
22759,00000000,C0,160,180.
22774,00000000,C0,160,180.
22789,00000000,C0,160,180.
22803,00000000,C0,160,180.
22817,00000000,C0,160,180.
22833,00000000,C0,160,180.
22847,00000000,C0,160,180.
22861,00000000,C0,160,180.
22876,00000000,C0,160,180.
22891,00000000,C0,160,180.
22905,00000000,C0,160,180.
22920,00000000,C0,160,180.
22934,00000000,C0,160,180.
22949,00000000,C0,160,180.
22964,00000000,C0,160,180.
22981,00000000,C0,160,180.
22995,00000000,C0,160,180.
23010,00000000,C0,160,180.
23025,00000000,C0,160,180.
23040,00000000,C0,160,180.
23062,00000000,C0,160,180.
23076,00000000,C0,160,180.
23091,00000000,C0,160,180.
23105,00000000,C0,160,180.
23120,00000000,C0,160,180.
23135,00000000,C0,160,180.
23149,00000000,C0,160,180.
23163,00000000,C0,160,180.
23179,00000000,C0,160,180.
23193,00000000,C0,160,180.
23207,00000000,C0,160,180.
23222,00000000,C0,160,180.
23237,00000000,C0,160,180.
23255,00000000,C0,160,180.
23269,00000000,C0,160,180.
23283,00000000,C0,160,180.
23298,00000000,C0,160,180.
23313,00000000,C0,160,180.
23327,00000000,C0,160,180.
23342,00000000,C0,160,180.
23356,00000000,C0,160,180.
23371,00000000,C0,160,180.
23386,00000000,C0,160,180.
23400,00000000,C0,160,180.
23414,00000000,C0,160,180.
23430,00000000,C0,160,180.
23444,00000000,C0,160,180.
23458,00000000,C0,160,180.
23473,00000000,C0,160,180.
23488,00000000,C0,160,180.
23502,00000000,C0,160,180.
23517,00000000,C0,160,180.
23542,00000000,C0,160,180.
23557,00000000,C0,160,180.
23571,00000000,C0,160,180.
23585,00000000,C0,160,180.
23601,00000000,C0,160,180.
23615,00000000,C0,160,180.
23629,00000000,C0,160,180.
23644,00000000,C0,160,180.
23659,00000000,C0,160,180.
23673,00000000,C0,160,180.
23688,00000000,C0,160,180.
23702,00000000,C0,160,180.
23717,00000000,C0,160,180.
23732,00000000,C0,160,180.
23746,00000000,C0,160,180.
23760,00000000,C0,160,180.
23776,00000000,C0,160,180.
23790,00000000,C0,160,180.
23808,00000000,C0,160,180.
23822,00000000,C0,160,180.
23836,00000000,C0,160,180.
23852,00000000,C0,160,180.
23866,00000000,C0,160,180.
23880,00000000,C0,160,180.
23895,00000000,C0,160,180.
23910,00000000,C0,160,180.
23924,00000000,C0,160,180.
23939,00000000,C0,160,180.
23953,00000000,C0,160,180.
23968,00000000,C0,160,180.
23983,00000000,C0,160,180.
24004,00000000,C0,160,180.
24019,00000000,C0,160,180.
24034,00000000,C0,160,180.
24048,00000000,C0,160,180.
